clear
(80, 300, 410, 360, 90, counterclockwise);
line 390,382 312,328 X01;
line 312,328 254,368 X02;
(40, 754, 538, 270, 360, clockwise);
line 794,538 794,540 A01;
(40, 754, 540, 0, 90, clockwise);
line 760,578 210,578 A02;
(40, 210, 540, 90, 180, clockwise);
(40, 210, 538, 180, 270, clockwise);
line 210,490 300,490 A03;
line 132,686 170,648 A04;
line 170,648 170,539 A05;
line 170,539 170,200 A06;
line 80,188 80,640 A07;
line 170,540 170,539 A08;
line 170,539 170,538 A09;
line 170,540 170,538 A10;
(45, 125, 460, 360, 180, counterclockwise);
(164, 734, 662, 270, 360, clockwise);
line 898,662 898,690 A11;
line 972,682 972,222 A12;
line 860,414 768,414 A13;
line 302,500 378,500 A14;
line 740,330 300,330 A15;
line 300,330 210,330 A16;
(40, 210, 290, 90, 180, clockwise);
line 824,414 740,330 B01;
(45, 125, 280, 360, 180, counterclockwise);
line 966,522 860,414 B02;
(40, 210, 200, 180, 270, clockwise);
line 210,160 700,160 B03;
line 700,160 842,222 B04;
line 842,222 880,316 B05;
line 880,316 860,414 B06;
line 700,160 756,64 B07;
line 972,222 756,64 B08;
line 674,80 188,80 B09;
#line 188,80 80,188 B;
(108, 188, 188, 270, 180, counterclockwise);
(40, 600, 120, 270, 90, counterclockwise);
(40, 600, 200, 270, 360, clockwise);
line 640,200 640,290 B10;
(40, 600, 290, 0, 90, clockwise);
(37, 935, 670, 180, 0, counterclockwise);
line 80,560 176,654 B11;
line 170,648 786,648 B12;
line 786,648 898,700 B13;
line 163,621 204,649 B14;
stopwatch