clear
line 320,80 320,650 E1;
line 320,420 1070,420 E2;
(120, 440, 300, 180, 90, counterclockwise);
line 400,650 400,500 E3;
line 400,500 540,500 E4;
line 610,490 610,420 E5;
line 400,560 482,722 E6;
line 482,722 824,722 E7;
line 824,680 1124,420 E8;
line 746,420 746,720 E9;
line 610,500 746,500 E10;
line 1065,340 750,180 E11;
line 750,180 390,180 E12;
line 390,180 320,250 E13;
line 540,180 540,490 E14;
#line 580,180 540,220 E;
line 620,180 540,260 E15;
line 840,680 840,232 E16;
(60, 480, 480, 270, 360, clockwise);
(60, 600, 360, 180, 90, counterclockwise);
(60, 670, 480, 180, 270, clockwise);
(60, 686, 480, 270, 360, clockwise);
(60, 780, 360, 90, 0, counterclockwise);
(60, 686, 560, 270, 360, clockwise);
line 390,180 390,80 E17;
stopwatch
